# Mazes
maze0_data <-            c(0,0,0,0,0,0,0,0,0,0,0,0)
maze0_data <- c(maze0_data,0,0,0,0,9,0,0,0,0,0,0,0)
maze0_data <- c(maze0_data,0,1,1,1,1,1,1,1,1,1,1,0)
maze0_data <- c(maze0_data,0,1,1,1,6,1,1,6,1,1,1,0)
maze0_data <- c(maze0_data,0,1,1,1,1,1,1,1,1,1,1,0)
maze0_data <- c(maze0_data,0,0,0,0,0,0,0,0,0,0,0,0)
maze0 = matrix(maze0_data,nrow=6,ncol=12,byrow=TRUE);

maze1_data <-            c(0,0,0,0,0,0,0,0,0,0)
maze1_data <- c(maze1_data,0,1,1,1,1,1,0,1,1,0)
maze1_data <- c(maze1_data,0,0,1,0,0,1,1,1,0,0)
maze1_data <- c(maze1_data,0,0,1,1,0,1,6,1,1,0)
maze1_data <- c(maze1_data,0,1,1,0,1,0,0,1,0,0)
maze1_data <- c(maze1_data,0,1,1,1,1,1,1,1,0,0)
maze1_data <- c(maze1_data,0,0,0,0,0,0,0,9,0,0)
maze1 = matrix(maze1_data,nrow=7,ncol=10,byrow=TRUE);

maze11_data <-             c(0,0,0,0,0,0,0,0,0,0)
maze11_data <- c(maze11_data,0,1,1,1,1,1,0,1,1,0)
maze11_data <- c(maze11_data,0,0,1,0,0,1,1,1,0,0)
maze11_data <- c(maze11_data,0,0,1,1,6,1,6,1,1,0)
maze11_data <- c(maze11_data,0,1,1,6,1,0,0,1,0,0)
maze11_data <- c(maze11_data,0,1,1,1,1,1,1,1,1,0)
maze11_data <- c(maze11_data,0,1,0,1,6,1,1,9,1,0)
maze11_data <- c(maze11_data,0,1,1,1,1,1,0,1,1,0)
maze11_data <- c(maze11_data,0,0,1,0,0,1,1,1,0,0)
maze11_data <- c(maze11_data,0,0,1,1,1,1,0,1,1,0)
maze11_data <- c(maze11_data,0,1,1,0,1,0,0,1,0,0)
maze11_data <- c(maze11_data,0,0,0,0,0,0,0,0,0,0)
maze11 = matrix(maze11_data,nrow=12,ncol=10,byrow=TRUE);


maze111_data <-              c(0,0,0,0,0,0,0,0,0,0,0)
maze111_data <- c(maze111_data,0,1,1,1,1,1,1,1,1,1,0)
maze111_data <- c(maze111_data,0,1,6,1,1,1,1,1,6,1,0)
maze111_data <- c(maze111_data,0,1,1,1,1,1,1,1,1,1,0)
maze111_data <- c(maze111_data,0,1,6,1,6,6,6,1,6,1,0)
maze111_data <- c(maze111_data,0,1,1,1,6,9,6,1,1,1,0)
maze111_data <- c(maze111_data,0,1,6,6,6,1,6,6,6,1,0)
maze111_data <- c(maze111_data,0,1,1,1,6,1,6,1,1,1,0)
maze111_data <- c(maze111_data,0,1,6,1,6,1,6,1,6,1,0)
maze111_data <- c(maze111_data,0,1,1,1,1,1,1,1,1,1,0)
maze111_data <- c(maze111_data,0,1,6,1,1,1,1,1,6,1,0)
maze111_data <- c(maze111_data,0,0,0,0,0,0,0,0,0,0,0)
maze111 = matrix(maze111_data,nrow=12,ncol=11,byrow=TRUE);

maze2_data <-            c(0,0,0,0,0,0,0,0,0,0,0,0,0)
maze2_data <- c(maze2_data,0,1,1,1,1,0,0,1,1,1,1,0,0)
maze2_data <- c(maze2_data,0,6,1,6,0,1,1,1,0,0,1,0,0)
maze2_data <- c(maze2_data,0,1,1,1,0,1,0,1,1,6,1,0,0)
maze2_data <- c(maze2_data,0,0,0,1,0,1,0,1,1,1,1,1,0)
maze2_data <- c(maze2_data,0,0,1,1,1,1,0,1,1,0,0,1,0)
maze2_data <- c(maze2_data,0,1,1,0,9,0,0,1,0,0,0,1,0)
maze2_data <- c(maze2_data,0,0,1,1,1,1,1,1,1,1,1,1,0)
maze2_data <- c(maze2_data,0,0,0,0,0,0,0,0,0,0,0,0,0)
maze2 = matrix(maze2_data,nrow=9,ncol=13,byrow=TRUE);

maze21_data <-             c(0,0,0,0,0,0,0,0,0,0,0,0,0)
maze21_data <- c(maze21_data,0,1,1,1,1,0,0,1,1,1,1,0,0)
maze21_data <- c(maze21_data,0,6,1,6,0,1,1,1,0,0,1,0,0)
maze21_data <- c(maze21_data,0,1,1,1,0,1,0,1,1,6,1,0,0)
maze21_data <- c(maze21_data,0,0,0,1,0,1,6,1,1,1,1,1,0)
maze21_data <- c(maze21_data,0,0,1,1,1,1,0,1,1,0,0,1,0)
maze21_data <- c(maze21_data,0,1,1,0,9,0,6,1,6,0,0,1,0)
maze21_data <- c(maze21_data,0,0,1,1,1,1,1,1,1,1,1,1,0)
maze21_data <- c(maze21_data,0,1,1,1,1,0,0,1,1,1,1,6,0)
maze21_data <- c(maze21_data,0,6,1,6,1,1,1,1,1,6,1,6,0)
maze21_data <- c(maze21_data,0,1,1,1,6,1,6,1,1,6,1,6,0)
maze21_data <- c(maze21_data,0,0,1,1,6,1,6,1,1,1,1,1,0)
maze21_data <- c(maze21_data,0,0,1,1,1,1,6,1,1,0,0,1,0)
maze21_data <- c(maze21_data,0,1,1,0,6,0,6,1,0,0,0,1,0)
maze21_data <- c(maze21_data,0,0,1,1,1,1,1,1,1,1,1,1,0)
maze21_data <- c(maze21_data,0,0,0,0,0,0,0,0,0,0,0,0,0)
maze21 = matrix(maze21_data,nrow=16,ncol=13,byrow=TRUE);


maze3_data <-            c(0,0,0,0,0,0,0,0,0,0,0,0,0,0,0)
maze3_data <- c(maze3_data,0,1,1,1,0,1,1,0,1,1,0,1,1,0,0)
maze3_data <- c(maze3_data,0,1,0,1,1,1,1,0,1,1,1,1,0,0,0)
maze3_data <- c(maze3_data,0,1,1,1,1,1,1,0,1,1,1,1,0,0,0)
maze3_data <- c(maze3_data,0,0,1,6,0,1,1,1,1,0,6,1,1,0,0)
maze3_data <- c(maze3_data,0,1,1,1,1,1,1,0,1,1,1,1,0,0,0)
maze3_data <- c(maze3_data,0,0,1,1,1,1,1,0,1,0,0,1,1,0,0)
maze3_data <- c(maze3_data,0,1,1,1,0,1,1,0,1,1,0,1,0,0,0)
maze3_data <- c(maze3_data,0,0,1,1,6,1,1,0,1,1,1,1,1,1,0)
maze3_data <- c(maze3_data,0,0,1,1,0,1,1,9,1,1,6,0,0,1,0)
maze3_data <- c(maze3_data,0,1,1,1,1,1,1,0,1,1,1,1,0,0,0)
maze3_data <- c(maze3_data,0,1,1,1,1,1,1,6,1,1,0,1,0,0,0)
maze3_data <- c(maze3_data,0,1,1,0,1,0,1,1,1,1,1,1,1,1,0)
maze3_data <- c(maze3_data,0,0,1,1,1,1,1,0,1,0,0,0,1,0,0)
maze3_data <- c(maze3_data,0,0,0,0,0,0,0,0,0,0,0,0,0,0,0)
maze3 = matrix(maze3_data,nrow=15,ncol=15,byrow=TRUE);

maze4_data <-            c(0,0,0,0,0,0,0,0,0,0,0,0,0,0,0)
maze4_data <- c(maze4_data,0,1,1,1,1,1,1,1,1,1,1,1,1,1,0)
maze4_data <- c(maze4_data,0,1,0,0,0,0,0,0,0,0,0,0,0,1,0)
maze4_data <- c(maze4_data,0,1,0,1,1,1,1,1,1,1,1,1,0,1,0)
maze4_data <- c(maze4_data,0,1,0,1,0,0,0,1,0,0,0,1,0,1,0)
maze4_data <- c(maze4_data,0,1,0,1,0,1,1,1,1,1,0,1,0,1,0)
maze4_data <- c(maze4_data,0,1,0,1,0,1,6,0,6,1,0,1,0,1,0)
maze4_data <- c(maze4_data,0,1,1,1,0,1,1,9,1,1,0,1,1,1,0)
maze4_data <- c(maze4_data,0,1,0,1,0,1,6,0,6,1,0,1,0,1,0)
maze4_data <- c(maze4_data,0,1,0,1,0,1,1,1,1,1,0,1,0,1,0)
maze4_data <- c(maze4_data,0,1,0,1,0,0,0,1,0,0,0,1,0,1,0)
maze4_data <- c(maze4_data,0,1,0,1,1,1,1,1,1,1,1,1,0,1,0)
maze4_data <- c(maze4_data,0,1,0,0,0,0,0,0,0,0,0,0,0,1,0)
maze4_data <- c(maze4_data,0,1,1,1,1,1,1,1,1,1,1,1,1,1,0)
maze4_data <- c(maze4_data,0,0,0,0,0,0,0,0,0,0,0,0,0,0,0)
maze4 = matrix(maze4_data,nrow=15,ncol=15,byrow=TRUE);

maze5_data <-            c(0,0,0,0,0,0,0,0,0,0,0,0,0,0,0)
maze5_data <- c(maze5_data,0,1,0,1,0,1,0,1,0,1,0,1,0,1,0)
maze5_data <- c(maze5_data,0,1,1,1,1,1,1,1,1,1,1,1,1,1,0)
maze5_data <- c(maze5_data,0,0,1,6,1,6,1,6,1,6,1,6,1,0,0)
maze5_data <- c(maze5_data,0,1,1,1,1,1,1,1,1,1,1,1,1,1,0)
maze5_data <- c(maze5_data,0,1,6,1,6,1,6,1,6,1,6,1,6,1,0)
maze5_data <- c(maze5_data,0,1,1,1,1,1,1,1,1,1,1,1,1,1,0)
maze5_data <- c(maze5_data,0,0,1,6,1,6,1,6,1,6,1,6,1,0,0)
maze5_data <- c(maze5_data,0,1,1,1,1,1,1,9,1,1,1,1,1,1,0)
maze5_data <- c(maze5_data,0,1,6,1,6,1,6,1,6,1,6,1,0,1,0)
maze5_data <- c(maze5_data,0,1,1,1,1,1,1,1,1,1,1,1,1,1,0)
maze5_data <- c(maze5_data,0,0,1,6,1,6,1,6,1,6,1,6,1,0,0)
maze5_data <- c(maze5_data,0,1,1,1,1,1,1,1,1,1,1,1,1,1,0)
maze5_data <- c(maze5_data,0,1,6,1,6,1,6,1,6,1,6,1,0,1,0)
maze5_data <- c(maze5_data,0,1,1,1,1,1,1,1,1,1,1,1,1,1,0)
maze5_data <- c(maze5_data,0,0,0,0,0,0,0,0,0,0,0,0,0,0,0)
maze5 = matrix(maze5_data,nrow=16,ncol=15,byrow=TRUE);